1330
5498
9807
5555
5719
2086
25367
2544
5685
15603
19034
4419
54029
26309
7536
19323
23833
6514
16259
12594
7466
6864
26076
9762
6138
4793
5267
31123
17135
834
131
8035
11349
40598
3198
12247
30181
6937
8431
6200
22656
1413
50710
21865
13206
6909
4978
12342
16910
4529
4607
17072
1208
5958
901
25251
5013
12717
13637
459
13425
22752
23989
22497
18182
39076
3377
40273
17428
551
4243
16582
13919
8952
11241
10501
1745
21610
2555
39561
2372
28198
56701
40478
4019
324
22797
5357
20768
2946
2449
33060
20367
4590
3764
13935
16946
3055
14719
13846
15978
61710
4786
39462
39064
51052
7719
765
3356
16802
7672
10439
11364
2364
21153
40085
4114
26912
5975
48024
48128
1705
12171
13158
10035
16384
629
2986
27734
5786
14189
14659
4035
18284
1967
9325
1159
40801
2015
13381
23948
7461
3334
62812
23108
8433
15980
25995
25845
25760
15340
6859
7031
27955
1954
9967
9989
5257
7275
15821
5083
30898
10947
9465
7405
18510
1691
15844
26199
24810
32709
70436
24742
1231
1506
475
1590
56223
33042
11099
382
7065
28451
7350
3363
37901
22193
16579
12335
22789
10903
30572
45898
20766
1045
5895
33626
33124
3932
6971
4652
20251
26317
4965
53492
35477
21004
24162
14991
34200
34480
13848
290
41991
9806
3761
57687
11259
16859
8097
23983
23051
5557
18413
9308
2857
52727
9129
3344
9234
5807
40358
26536
8493
5239
2533
1566
11400
12973
3658
8887
8088
6993
449
4071
769
24619
12022
3640
3902
6329
8930
5953
13063
1269
46059
16597
34688
7196
22115
10655
38077
19759
27144
1163
11039
4624
38329
11606
3345
2831
3894
314
1904
7825
31014
1848
27504
26098
20621
1628
12094
12985
2707
18780
34640
11089
22291
14404
30478
24504
14219
27326
29702
16341
14879
8285
3477
3600
2012
6607
7543
22335
2598
8078
22674
15458
1675
7733
16474
11671
11807
4108
43448
2536
22188
31793
12660
16059
29617
12023
26701
15281
4712
29137
41235
8690
1495
21379
44576
11824
809
2076
7179
4490
16355
12112
31424
7649
25953
13560
33865
7166
27207
7399
33700
70859
3577
4333
17994
15774
11910
3686
9734
10862
14144
8996
15165
660
7507
16275
9105
4846
8808
11452
30374
11041
24807
60170
24642
9172
4145
41720
8486
55631
5818
542
7669
16252
45167
11797
8899
8631
1245
1037
1962
5567
17572
1874
25853
26492
2293
30958
41950
28391
33300
2602
3731
10345
13699
49042
9629
20738
6576
9841
132
3775
1255
10098
75800
6790
8943
16993
3681
32549
8086
13024
6026
19143
34469
31615
8782
44032
31597
7300
1959
19495
25540
29894
1624
5017
2072
21278
5470
16418
20187
32027
7532
26084
31357
4088
28043
39845
11721
2411
8629
10156
11657
22947
29271
19879
9139
20834
47889
7125
31788
3223
12648
39377
5717
398
10864
3580
1041
30658
16659
17488
1420
18653
9666
163
32718
11692
45120
3008
24865
45853
5620
18146
30755
1819
5121
6680
30507
34921
1172
37230
2844
5040
14195
50211
557
10734
9202
42705
5749
11583
33170
36745
12412
14700
2607
20503
14545
7872
15663
8494
1550
20811
2996
37148
11190
5695
16264
1984
6399
15133
47689
72595
7539
3141
597
1241
6154
13994
21573
6786
9820
9926
8882
804
7055
13150
8762
16482
10545
4200
33681
12319
1239
7681
5240
737
16662
1290
15699
6977
3888
1839
8681
30915
1789
15085
9949
2446
19295
6342
14651
50049
2101
21997
53051
2313
35588
7332
2428
14976
3678
342
13027
24588
33828
2565
21852
10833
7030
74894
50421
11971
9336
30629
8535
26101
47873
20001
6244
1322
5726
26468
9174
57615
14569
8051
15749
19086
20487
26427
52587
44622
10733
308
25569
16084
29591
15364
3085
27437
594
11331
5108
4886
2022
24236
8080
160
2154
34516
10828
825
25311
5880
35392
1653
35143
54308
7933
1621
1594
37919
10717
2703
4824
12447
9081
13578
5399
980
6825
26867
9931
1350
50182
959
15989
46283
11001
14728
21893
8606
46997
7730
19198
8419
3069
17526
10465
7917
5741
24081
16455
5019
26448
11719
1363
19362
6757
1840
30909
5707
43991
13255
4456
2081
21766
27732
8301
774
26935
4631
27347
5811
21051
29939
701
29963
19838
1411
4606
2746
2862
14631
4867
25301
10999
17733
456
19695
35455
24172
15501
3267
9870
16411
798
2691
30797
45780
14849
53719
114
25776
18005
32295
18662
12976
6513
3165
54002
14432
25575
19874
1578
21628
38365
31224
31924
1979
8695
13287
10158
6870
28789
23619
19355
5105
228
410
28890
30930
4302
16629
14608
10762
2556
9431
10751
6605
3290
7665
19714
21790
18642
121
14956
58331
76123
47564
3724
4279
6432
46009
3878
16376
5043
13187
11952
6100
18192
8642
2037
68792
53875
4936
31950
1031
11923
12625
9392
31892
15291
3498
20749
13522
32896
31593
4649
4182
26438
10091
35762
11651
8836
1184
24548
5350
26444
36003
18294
42109
49516
16961
1938
1514
34859
21477
20088
25342
1690
7334
2310
30702
18969
43160
30800
22295
20270
9418
6475
12674
11772
1932
11409
6526
26663
11523
34754
9797
11299
20921
2745
24859
13888
16537
7165
478
24675
6904
2168
52586
3834
3229
467
27173
4944
18235
20803
5479
6498
17949
2146
8770
12833
511
2486
10884
14048
7254
22431
34559
15839
2249
15853
16963
30638
13215
15985
3019
17094
23595
44760
2297
29015
17640
6417
5009
23286
7517
14597
3093
9114
16185
2652
58157
3750
7899
6708
22598
14496
39860
7478
31835
9408
3410
3318
21826
22011
98
15514
10020
5145
9505
9460
23259
16360
18545
5158
2712
22061
33856
18915
19407
38864
16853
13759
8157
9119
13730
2385
3928
18406
27936
35731
31771
180
32915
19052
6151
1027
4213
9624
1556
5307
6621
723
22309
26744
47552
4985
12978
14327
14128
2158
2509
41335
2764
30974
13154
1726
29357
2118
1483
9982
60241
18682
17454
4629
8747
16503
19669
14748
13758
1178
14425
13513
5358
21848
16319
1887
1650
5089
4152
32105
1509
20988
51200
9445
16362
24371
5211
3126
11597
38636
31170
3533
6556
1073
2065
21124
7877
12781
1110
59550
4802
19226
4720
52346
12818
8598
2141
22393
27194
1304
15119
42465
14910
10635
4356
50748
3823
7891
18453
2733
14996
30244
14546
36012
7202
1361
3674
4556
28005
11316
36982
13863
220
10983
8244
4627
2348
22638
24881
5505
2524
46941
4574
6464
141
68933
4521
1435
8895
20492
34972
1652
44651
21181
1244
5588
3983
17737
52752
4794
10606
1382
10400
40406
14950
4947
9463
8349
3959
3673
9602
6197
4915
37631
26003
56276
933
6846
20686
2657
4347
27198
8933
11470
10038
20375
17951
28273
2488
22133
15407
9693
42971
8429
6425
12595
3589
14040
17559
47846
24913
16490
30016
12701
6814
39439
61965
7819
18467
42451
1391
39665
13228
48982
31747
33475
32492
2557
5269
17125
22365
20320
9164
76212
54737
11728
11314
34046
55031
18970
41181
29728
20790
9544
28814
24660
54800
4668
842
3325
9
14540
5102
26713
6849
8641
5315
23694
16828
7502
1736
8656
29621
27240
11659
2374
21439
23065
27965
24111
24972
1772
17473
4780
6681
2592
22240
858
23119
4437
14171
6588
24204
24090
19961
39598
37720
6266
24516
25236
4246
19325
1900
50762
27722
8439
6841
14267
1836
11013
16211
11420
4188
3694
9800
5702
6983
27985
2017
16918
1130
21465
2453
35638
792
14067
22432
11146
8102
2353
43835
9334
13813
31477
13947
7278
9863
12869
6748
30712
462
3810
35527
21887
156
10328
1180
34483
13330
16622
20785
59009
11930
18044
1630
3329
33380
19639
10977
9878
48707
12997
28666
46729
21794
7253
2071
18523
7918
6000
7965
6213
2250
33129
9050
21493
9365
3077
9679
20152
36810
17445
29195
5248
6302
4176
37193
10754
5001
6542
16791
199
9955
5720
6416
29958
14413
8322
16165
33464
153
11683
12543
9399
23000
4133
70764
12810
12495
22324
10433
12116
18289
50751
9722
7747
1712
13342
1222
3075
7748
7491
4609
16947
10573
40865
31872
22509
8156
36521
30578
11286
33133
33678
8665
6469
5428
331
15679
24120
22523
43642
5020
20018
24212
26587
5533
5537
2911
36142
21559
9446
30463
51618
461
8079
7493
35342
24173