2915
5498
9807
5555
5719
2086
25367
2544
5685
15603
19034
4419
54029
26309
7536
19323
23833
6514
16259
12594
7466
6864
26076
9762
6138
4793
5267
31123
17135
834
131
8035
11349
40598
3198
12247
30181
6937
8431
6200
22656
1413
50710
21865
13206
6909
4978
12342
16910
4529
4607
17072
1208
5958
901
25251
5013
12717
13637
459
13425
22752
23989
22497
18182
39076
3377
40273
17428
551
4243
16582
13919
8952
11241
10501
1745
21610
2555
39561
2372
28198
56701
40478
4019
324
22797
5357
20768
2946
2449
33060
20367
4590
3764
13935
16946
3055
14719
13846
15978
61710
4786
39462
39064
51052
7719
765
3356
16802
7672
10439
11364
2364
21153
40085
4114
26912
5975
48024
48128
1705
12171
13158
10035
16384
629
2986
27734
5786
14189
14659
4035
18284
1967
9325
1159
40801
2015
13381
23948
7461
3334
62812
23108
8433
15980
25995
25845
25760
15340
6859
7031
27955
1954
9967
9989
5257
7275
15821
5083
30898
10947
9465
7405
18510
1691
15844
26199
24810
32709
70436
24742
1231
1506
475
1590
56223
33042
11099
382
7065
28451
7350
3363
37901
22193
16579
12335
22789
10903
30572
45898
20766
1045
5895
33626
33124
3932
6971
4652
20251
26317
4965
53492
35477
21004
24162
14991
34200
34480
13848
290
41991
9806
3761
57687
11259
16859
8097
23983
23051
5557
18413
9308
2857
52727
9129
3344
9234
5807
40358
26536
8493
5239
2533
1566
11400
12973
3658
8887
8088
6993
449
4071
769
24619
12022
3640
3902
6329
8930
5953
13063
1269
46059
16597
34688
7196
22115
10655
38077
19759
27144
1163
11039
4624
38329
11606
3345
2831
3894
314
1904
7825
31014
1848
27504
26098
20621
1628
12094
12985
2707
18780
34640
11089
22291
14404
30478
24504
14219
27326
29702
16341
14879
8285
3477
3600
2012
6607
7543
22335
2598
8078
22674
15458
1675
7733
16474
11671
11807
4108
43448
2536
22188
31793
12660
16059
29617
12023
26701
15281
4712
29137
41235
8690
1495
21379
44576
11824
809
2076
7179
4490
16355
12112
31424
7649
25953
13560
33865
7166
27207
7399
33700
70859
3577
4333
17994
15774
11910
3686
9734
10862
14144
8996
15165
660
7507
16275
9105
4846
8808
11452
30374
11041
24807
60170
24642
9172
4145
41720
8486
55631
5818
542
7669
16252
45167
11797
8899
8631
1245
1037
1962
5567
17572
1874
25853
26492
2293
30958
41950
28391
33300
2602
3731
10345
13699
49042
9629
20738
6576
9841
132
3775
1255
10098
75800
6790
8943
16993
3681
32549
8086
13024
6026
19143
34469
31615
8782
44032
31597
7300
1959
19495
25540
29894
1624
5017
2072
21278
5470
16418
20187
32027
7532
26084
31357
4088
28043
39845
11721
2411
8629
10156
11657
22947
29271
19879
9139
20834
47889
7125
31788
3223
12648
39377
5717
398
10864
3580
1041
30658
16659
17488
1420
18653
9666
163
32718
11692
45120
3008
24865
45853
5620
18146
30755
1819
5121
6680
30507
34921
1172
37230
2844
5040
14195
50211
557
10734
9202
42705
5749
11583
33170
36745
12412
14700
2607
20503
14545
7872
15663
8494
1550
20811
2996
37148
11190
5695
16264
1984
6399
15133
47689
72595
7539
3141
597
1241
6154
13994
21573
6786
9820
9926
8882
804
7055
13150
8762
16482
10545
4200
33681
12319
1239
7681
5240
737
16662
1290
15699
6977
3888
1839
8681
30915
1789
15085
9949
2446
19295
6342
14651
50049
2101
21997
53051
2313
35588
7332
2428
14976
3678
342
13027
24588
33828
2565
21852
10833
7030
74894
50421
11971
9336
30629
8535
26101
47873
20001
6244
1322
5726
26468
9174
57615
14569
8051
15749
19086
20487
26427
52587
44622
10733
308
25569
16084
29591
15364
3085
27437
594
11331
5108
4886
2022
24236
8080
160
2154
34516
10828
825
25311
5880
35392
1653
35143
54308
7933
1621
1594
37919
10717
2703
4824
12447
9081
13578
5399
980
6825
26867
9931
1350
50182
959
15989
46283
11001
14728
21893
8606
46997
7730
19198
8419
3069
17526
10465
7917
5741
24081
16455
5019
26448
11719
1363
19362
6757
1840
30909
5707
43991
13255
4456
2081
21766
27732
8301
774
26935
4631
27347
5811
21051
29939
701
29963
19838
1411
4606
2746
2862
14631
4867
25301
10999
17733
456
19695
35455
24172
15501
3267
9870
16411
798
2691
30797
45780
14849
53719
114
25776
18005
32295
18662
12976
6513
3165
54002
14432
25575
19874
1578
21628
38365
31224
31924
1979
8695
13287
10158
6870
28789
23619
19355
5105
228
410
28890
30930
4302
16629
14608
10762
2556
9431
10751
6605
3290
7665
19714
21790
18642
121
14956
58331
76123
47564
3724
4279
6432
46009
3878
16376
5043
13187
11952
6100
18192
8642
2037
68792
53875
4936
31950
1031
11923
12625
9392
31892
15291
3498
20749
13522
32896
31593
4649
4182
26438
10091
35762
11651
8836
1184
24548
5350
26444
36003
18294
42109
49516
16961
1938
1514
34859
21477
20088
25342
1690
7334
2310
30702
18969
43160
30800
22295
20270
9418
6475
12674
11772
1932
11409
6526
26663
11523
34754
9797
11299
20921
2745
24859
13888
16537
7165
478
24675
6904
2168
52586
3834
3229
467
27173
4944
18235
20803
5479
6498
17949
2146
8770
12833
511
2486
10884
14048
7254
22431
34559
15839
2249
15853
16963
30638
13215
15985
3019
17094
23595
44760
2297
29015
17640
6417
5009
23286
7517
14597
3093
9114
16185
2652
58157
3750
7899
6708
22598
14496
39860
7478
31835
9408
3410
3318
21826
22011
98
15514
10020
5145
9505
9460
23259
16360
18545
5158
2712
22061
33856
18915
19407
38864
16853
13759
8157
9119
13730
2385
3928
18406
27936
35731
31771
180
32915
19052
6151
1027
4213
9624
1556
5307
6621
723
22309
26744
47552
4985
12978
14327
14128
2158
2509
41335
2764
30974
13154
1726
29357
2118
1483
9982
60241
18682
17454
4629
8747
16503
19669
14748
13758
1178
14425
13513
5358
21848
16319
1887
1650
5089
4152
32105
1509
20988
51200
9445
16362
24371
5211
3126
11597
38636
31170
3533
6556
1073
2065
21124
7877
12781
1110
59550
4802
19226
4720
52346
12818
8598
2141
22393
27194
1304
15119
42465
14910
10635
4356
50748
3823
7891
18453
2733
14996
30244
14546
36012
7202
1361
3674
4556
28005
11316
36982
13863
220
10983
8244
4627
2348
22638
24881
5505
2524
46941
4574
6464
141
68933
4521
1435
8895
20492
34972
1652
44651
21181
1244
5588
3983
17737
52752
4794
10606
1382
10400
40406
14950
4947
9463
8349
3959
3673
9602
6197
4915
37631
26003
56276
933
6846
20686
2657
4347
27198
8933
11470
10038
20375
17951
28273
2488
22133
15407
9693
42971
8429
6425
12595
3589
14040
17559
47846
24913
16490
30016
12701
6814
39439
61965
7819
18467
42451
1391
39665
13228
48982
31747
33475
32492
2557
5269
17125
22365
20320
9164
76212
54737
11728
11314
34046
55031
18970
41181
29728
20790
9544
28814
24660
54800
4668
842
3325
9
14540
5102
26713
6849
8641
5315
23694
16828
7502
1736
8656
29621
27240
11659
2374
21439
23065
27965
24111
24972
1772
17473
4780
6681
2592
22240
858
23119
4437
14171
6588
24204
24090
19961
39598
37720
6266
24516
25236
4246
19325
1900
50762
27722
8439
6841
14267
1836
11013
16211
11420
4188
3694
9800
5702
6983
27985
2017
16918
1130
21465
2453
35638
792
14067
22432
11146
8102
2353
43835
9334
13813
31477
13947
7278
9863
12869
6748
30712
462
3810
35527
21887
156
10328
1180
34483
13330
16622
20785
59009
11930
18044
1630
3329
33380
19639
10977
9878
48707
12997
28666
46729
21794
7253
2071
18523
7918
6000
7965
6213
2250
33129
9050
21493
9365
3077
9679
20152
36810
17445
29195
5248
6302
4176
37193
10754
5001
6542
16791
199
9955
5720
6416
29958
14413
8322
16165
33464
153
11683
12543
9399
23000
4133
70764
12810
12495
22324
10433
12116
18289
50751
9722
7747
1712
13342
1222
3075
7748
7491
4609
16947
10573
40865
31872
22509
8156
36521
30578
11286
33133
33678
8665
6469
5428
331
15679
24120
22523
43642
5020
20018
24212
26587
5533
5537
2911
36142
21559
9446
30463
51618
461
8079
7493
35342
24173
4843
9641
8669
5449
495
280
17998
43573
878
15550
22969
20094
21678
5927
4642
33049
10043
18759
32841
4352
3953
40942
25254
73678
41148
1425
10014
68431
23761
7689
19378
39987
19960
39022
1417
5481
14808
34340
6280
21404
420
7410
22578
53353
23233
4838
41340
7750
12808
11795
10970
12867
21421
14400
19728
31173
23381
11823
21061
1416
13700
36264
15483
11679
38277
1800
17418
4613
5879
9700
39469
5664
14678
5852
15768
11065
2688
4007
28797
3146
52825
57704
11012
40112
20400
69364
22138
20486
4563
862
17713
4129
14691
9808
17727
18942
10679
2046
23328
66117
12052
16465
20463
4476
12693
23585
4638
18772
2070
2362
4581
608
19258
268
13991
33205
32005
4996
7607
329
6402
126
1033
14196
6719
21222
43863
20973
50443
18517
9674
9395
31022
19302
27643
9027
9421
854
52107
65
1558
7508
44111
19254
9996
3539
29727
23071
1823
18548
4284
5896
3934
27934
149
12399
2413
13610
20825
977
12974
67289
20042
5500
6686
9907
19941
21697
26182
15004
59220
27017
16157
10749
19341
21883
3174
7075
55887
95
1655
25703
3569
45738
37159
11791
11703
1132
33675
8154
25816
26879
4790
42967
15184
1340
19456
9402
20331
39677
3374
31338
41540
50905
62693
2559
8757
14113
7816
3745
352
5729
7192
7777
12522
16678
24010
11636
16234
18853
66755
20712
36986
11992
53797
15953
22403
4195
12000
38679
47267
821
5821
7383
2231
11710
28733
14362
32537
47914
2539
14944
3647
18279
14575
247
998
7155
42206
7740
51356
15330
1548
19523
1953
39695
4165
150
1190
6976
27691
716
12372
17112
47509
13352
12807
11554
1541
24365
29692
38237
43760
36001
2663
20972
532
39456
38131
48444
18664
21215
14434
8723
33630
11665
8030
12883
2252
27204
13944
746
10199
9627
10918
1445
15366
16634
3676
20311
3296
28589
16540
31833
2675
21487
21726
24305
7435
8796
5915
25455
3419
72925
23373
897
9128
2007
4980
15908
13927
2593
2004
33564
6992
32796
41658
39421
58819
28232
7434
11324
2283
4319
2980
1545
25219
57061
356
3201
20533
40405
5024
17738
12948
18771
3963
39893
11025
3457
7847
39961
11123
5232
27559
6905
8546
19211
12899
25850
12958
30231
14197
14995
7969
4774
9758
25471
2472
9303
44426
35078
23418
705
16974
17323
9065
31902
21965
4524
15656
482
8998
5312
18440
19388
10287
2329
25522
16774
19038
39331
36097
6630
4818
10792
3365
13992
39529
19458
9619
9080
9616
10117
1707
11945
3238
42661
2937
9012
457
24747
1145
8203
625
11148
16093
416
18692
10535
58336
1931
14060
2698
72716
2095
7482
16271
22891
206
46907
2281
26201
13514
10761
14960
566
3788
15105
8043
5660
62381
20220
1682
4614
26998
7926
8298
14304
6916
32443
10793
21076
19299
16218
13842
6928
49747
23415
27050
27944
60765
1324
5690
3350
4155
6198
2752
11219
34473
1955
4854
20917
14338
22637
48724
574
36889
25147
21380
39449
10704
4762
29556
3661
6245
6070
18673
28460
13707
15391
30568
607
42771
4681
29902
956
39588
8858
41302
2344
2961
19155
40631
35700
43854
34872
1126
3131
20658
15850
6651
15871
38111
10395
7144
485
4472
11285
24
5602
54739
503
19162
3428
13914
3469
13469
7617
10463
38059
18200
1119
20460
10521
33896
43329
35913
4856
9406
13337
43034
11417
11373
10404
30735
5737
29108
11771
16612
26183
3409
19178
46730
1549
41633
12541
12375
45085
460
1007
18992
17945
5844
18685
54974
5199
17413
28034
15396
37264
921
17936
10946
33870
34820
3891
19856
14943
28931
20946
7934
5221
33110
17265
28720
10232
27060
16104
31379
4219
11951
20059
19357
183
7250
2298
14230
14620
2165
4388
25988
12584
51494
21176
8185
36293
483
24665
37933
12673
28798
38800
55297
9469
17832
19542
46135
8321
13876
9860
9088
10519
36911
23999
9244
8475
13879
36470
7443
16989
44030
2319
26202
1765
6318
6917
5994
62196
46
3170
24720
12898
68872
333
15988
13017
8208
3596
23711
17698
125
4153
1842
14603
18340
28961
1043
10469
43233
5432
7221
26323
24857
23040
38895
53134
6620
2279
7859
24591
26626
11983
7722
55609
12135
2517
16970
2438
10030
48706
39526
1448
12089
23505
4967
37790
21533
3917
15505
12417
14282
22696
37913
16441
36032
16735
8129
12321
13976
10661
7135
16488
12579
15204
5696
28097
10145
4066
38973
6407
7956
7448
5080
5081
13130
3018
10924
11699
17302
14670
3576
1870
29940
32320
9213
3481
27090
27956
18956
1186
42539
7691
8721
14213
12727
9549
12911
18554
8022
21030
808
1725
19655
25908
47015
33601
10546
24560
37163
9975
25807
22989
8814
29744
55441
11860
12374
25533
4765
17664
16036
6012
24240
24154
2742
3099
5936
13739
66729
2388
7963
6491
17637
23824
27051
10024
16720
7827
42445
27907
14599
48403
3541
53132
13718
5920
27429
15159
34113
2789
14329
3420
4506
1583
3783
5268
33905
18626
13224
9759
23763
5452
8114
6139
5626
16449
8684
5491
20962
5530
1301
53400
19618
16392
38263
438
13743
23814
16479
5667
6074
18125
28534
22589
35818
8888
8688
1434
11708
2797
42258
15567
17354
3478
10357
4198
1943
39258
2244
24925
11491
14372
15895
30196
17075
8046
25902
6656
13620
3264
5622
4240
16256
21373
29717
313
1768
44679
15623
5301
1573
1436
3933
13678
20321
5542
43670
11862
803
4446
5874
14729
10998
760
1597
26541
6718
26991
65635
2523
10365
817
4544
45935
29257
14290
18920
50405
37283
30509
8972
69721
10375
5556
25211
33357
9754
4059
18120
24216
35
44130
5988
1940
9729
13563
18906
30556
48869
14371
30870
13016
11492
6192
18875
19148
13362
26838
242
6286
5153
9437
23672
39622
11385
432
25956
99
31946
8281
14441
8640
7546
19544
1387
12070
16080
10379
10184
13695
9681
13561
4158
12251
103
15185
10757
363
7987
2879
9276
21662
33171
35147
5171
18795
8579
29293
2145
23900
16426
29578
17136
9958
19510
17589
13551
26338
1281
717
4406
27128
15563
30859
22345
9302
32475
3145
21302
3476
28063
28085
23254
37020
476
12208
6764
20590
9828
20475
30026
14648
13484
14150
1813
26824
1499
5770
61642
3053
6315
23234
4445
297
3244
21926
6549
38623
9742
15433
1522
41029
5983
11273
37391
87
3328
12067
2732
4249
30280
13359
18438
3424
21393
9331
3868
4894
6963
39925
25260
1203
1004
59272
17947
4000
31984
28241
7844
13505
10827
28635
31334
32607
9537
11733
3314
10461
8235
12158
3130
8248
6063
68488
9198
10021
6499
6103
8231
1542
97
3886
4958
17076
5911
15044
2875
796
19236
1997
31551
28145
30929
1611
9266
6799
59805
11673
12422
6527
16705
8571
27601
23191
14856
23221
25851
753
14089
9176
25906
15648
4799
2170
3733
2638
1604
49111
45133
1519
38419
25138
7513
15145
2425
25942
47976
11558
2296
12961
3911
1260
24409
49331
39217
20439
19764
57901
13114
11611
42588
24119
4892
217
8880
2325
2417
2854
38838
1217
4656
22465
23553
16871
7101
6428
5933
2583
5791
58435
28887
7534
44662
13973
4345
302
13464
11387
7099
75091
21418
23957
23738
19085
3091
10589
57794
36656
7810
25893
33198
14070
6097
27707
1596
8785
12141
30303
20873
4882
567
999
35075
14010
20464
43970
26268
23106
24143
3211
10964
58004
19385
10065
18924
1187
4136
11966
38626
14863
20504
32758
17423
3711
6269
35216
7936
6252
14612
15512
12253
8149
22392
3869
9727
21614
8139
40255
18899
3574
30910
5587
1921
7887
10859
15626
40000
987
949
19913
21772
6836
42834
25920
24311
4697
1001
31388
13851
2447
16214
4179
22951
4265
1777
7996
49963
2680
6886
30270
11757
3029
5637
6794
3459
6482
39312
5997
9475
32509
3839
10961
20477
5897
12611
18351
2978
23298
37160
30843
45650
29179
27513
29764
6771
698
16111
24431
58815
1949
10201
44571
6706
12418
36123
16942
9313
1998
25285
12486
7142
25137
4135
33757
34002
18873
5463
18825
14942
4616
11239
1430
262
14675
19482
15220
11988
4826
33345
31607
14141
23008
16840
14419
19133
35877
2188
14317
20832
5882
15362
26716
16885
32152
1835
27324
21896
55517
26850
9805
10721
6359
3256
1784
15910
14165
14406
5413
7871
34158
1809
17933
6778
16816
9283
8509
6044
2547
4400
15089
736
32516
8852
10780
26562
12074
880
11423
6239
14091
5827
8333
16347
21564
7290
2130
13668
16276
40054
29378
5834
7291
21402
2192
33002
16223
49613
514
16215
43278
653
1719
39480
22766
5793
21789
4618
218
21289
15838
13983
828
3038
5532
16763
2393
6529
31594
60482
12098
34344
31992
4540
6819
6835
16928
6069
7292
24583
16412
7549
1146
4193
2711
36021
3845
30046
10171
632
10613
72785
8021
10522
15509
6858
4672
2997
5826
19745
44346
1895
33729
479
4900
63438
6410
49402
4789
30329
41762
19870
35628
53534
36466
2880
13316
20783
19910
5173
15949
3572
48252
15274
15579
8883
7353
39528
16285
8940
8064
740
39402
19975
1074
2073
22715
19967
4661
30481
19454
4281
9857
52023
37774
15429
37217
47
58719
26474
34875
3248
14253
18227
23576
18500
11473
48264
12388
6066
2069
2669
27697
1592
10466
950
39751
20490
10425
8844
1010
5797
2200
2641
50352
50875
7610
14987
29054
77702
17336
8959
14340
4523
15385
22429
10333
35361
3621
35021
49524
32777
16467
41454
8601
7951
18086
659
13429
9962
19773
59632
7642
5216
19379
71879
17166
25445
11372
1584
5308
33135
5511
16718
18779
22965
15769
18028
13289
25742
4634
1095
8222
1329
45922
2003
7988
49688
7931
59214
8348
24464
5841
26473
16262
21163
48751
12013
24122
21932
2734
26590
1671
23563
42653
5943
26075
19283
230
12316
1128
24342
39455
38751
6172
2575
16191
7073
21474
5798
18563
396
7998
54097
9086