1434
14 425
2079
1280 638
2367
9864
3104
1378 5941
7754 6422
5131
1127 1259
4830 4806
2541 10472
45936
7282 4913
6361 88809
184
360 3069
8610
8626 3437
2426
10107
43649 4349
11019 3128
7074
6992 10514
29511 38596
3986 7134
12882
1225
25567
2163 5814
3693 83544
5156
140 42947
2099 45569
18074 30023
5889
5639 5580
83949 4679
10029 7846
19272 4002
23300 11960
21168 22233
7989 3045
10609
5693 8175
13060 6686
2091
6223 6669
10199 11260
20187 11466
1591 36432
1872 15034
11331
5482
8507
17932 10396
4475 22435
11484 16091
8035
14358 13016
1406 42283
6746 23350
17738 25548
10031 3367
4987 5213
5994
6811 11966
73
7956
9492
3425 18056
10092 30335
5181 7475
6905
3745
29063 16398
9873 8470
9241
6341 16669
8212 7267
5772
2947
1173
30646 34799
17690 16577
4762 3548
23860 12630
7422
14254 23309
2884 5351
9754 22768
37767
1611
340
87 426
953 12168
1546 2663
41
403
580 55042
15796
4396
83130 10801
13210
15242 7647
8253
15155 42063
17400 17047
35492
8662 45082
22632
20571 25511
21092 24617
12850 15598
7807 18627
2392 39357
12174
3394 17438
13085
30287
3605
21303
12460 54162
36957
10740
20794
4834
41340 32591
17074 18787
4588 18318
88104 37607
13861
9287 8282
18035 2107
13828
2268 31601
11806 67414
2030 29071
55622
13426 14188
7809
12923 14785
18702 28907
10752
29242
15086
18279 38492
920 32878
6563 8843
32159 11729
10649
7415
2675 67881
13279 63128
9633 40292
13466
9416
27692
3774
14285
33428
3457
34980 16072
18241
24881 19276
26726
5946 67446
68 23410
5623
26374
5408 22954
9694 41023
9375
30333 10656
4896 43343
11658 11254
25502 14168
33114 30575
13899
12548 18933
20407
22917 5281
38779
47917
8012
42071 22604
3232
13311 50319
16095
67001
12239
41637
6328 21319
18261 10112
24964 12788
46696
9777 942
30107 23972
10038 27770
11289
19317 22052
23700 25571
25445
1165 3159
21556 5893
35050
14274 945
609 656
713 1781
1931
558 442
739 1231
513 2012
4254
718 227
11
1527 885
2794
18138
37120
6671 31670
4459 29808
18346 27357
13962 6610
5818
53066
18022 29952
16281 27392
15183
20866 16489
21879 32816
38006
25474 26199
28103
1330 39459
19314 41462
2138
13844 20259
11457
1621 55371
39063 47414
4167
13469
27346 25533
41040 30753
14543 7191
28886 33165
61299 27538
34010 1492
36473
28239 8664
29935 32384
5648
27909 27153
37056
17256 31968
50617 21406
47243 65799
53736
13392 24718
5454
14017
54050
5858 65445
23162
12409
7259 47778
19883
9436 4284
391 3050
708 5539
5255 1488
37
1697 141
164
864
1291 1153
359 2377
1126 5248
1108 547
2580
113 4898
345 938
1296
747 2290
3247 2531
1785 1764
4520 1065
0
1617 17244
10608
16970
18077 86594
39032 59309
19666
9088
34384 29805
28334 21153
52911
5844 42579
36200
21646
24433
25173
31989
17000 22353
1249
985
2420 659
646 2641
1036
27 1017
2308
869
1783 2803
4079 6615
11021
22011 5386
949 1535
259 6236
269
19
5595 1123
23
89
4429 7993
6404
29461 27037
17559 29402
28723
16877
17520
20217
17110 13126
352
3084
2255 336
334 1467
965 3560
1828
552 71651
54359
17464 3331
9113 525
2574
1100
5276
5397
1739
1768
2270 2552
2767
7043
182
21516 2134
2629 1031
507 1609
32328 66374
44284 33837
21382
31209
45026 32890
18768
8474
18892
16773 19469
55838
21391
33929 40751
10296
15763
9507 24466
39456 19054
38205 29432
29583 28270
38699
11046 45151
34840
18342
51298 15974
12972
14588
43568 11826
37846 25553
23614
8835
45654
16241 18526
33300 47180
41935
26556
38190
34531
32157 23703
1278 2550
1044 1111
66 620
829 6472
2031
664 1194
2466
383 1340
3726 2906
330
2713 496
8596 3870
1584 1270
1469 2750
3553
3479
2269 2253
846 3583
1566 3265
4186 1693
2952 3111
3886 1691
3388 364
2055
387 5068
2225 6854
1292
841 1347
3230 4407
6609
613
2034 16690
2614
868 3871
680 2620
4295 3595
3429
1655
1685 6477
1966 4183
2899
3778 1245
3203 24980
26585
31598 28978
25931 60798
7206 29078
27117
63906
19976
16935
50156
22338 73320
8898
8389 36463
17987 59973
43423
25402 22920
29462 24255
22981
24806
31852 21653
15206 26652
88662 41738
24147
23597 18273
25470 57579
33089
76132 41595
13575 21370
33722 30125
31741
22809
16594
13490
21316 29701
14283 71378
17877
12218 39248
23574 52909
42295 34098
40623 33611
21424 48976
29964 83518
22733 41857
49188
22569 26316
39067 71496
20756 31110
47970 24290
935 5294
2834
2058 824
4305 5323
2101 3832
19166 3628
1094
10342 24891
19755 12483
4708 7825
3219
2223 3968
554
2695 19871
1735
1101
926
1408 3446
8921 2708
8560 1770
1786 6103
502 16529
3004 1544
2241
2700 20872
3330 6885
2376 4213
2246
2452
10349 1641
2198 5285
3178 8773
2239 1863
18101 4434
1832 5546
2124 3415
1987
4948
5084
332 11452
4422 335
5011 6213
3586 3148
7836 6096
2181
2092 10772
3277 2967
1321 9509
1277
12570 241
6344 14140
4692 5154
13768
2263 4050
2065
2649
4880 3433
4426
1741 4698
2765
1456 15016
2874 7131
6500
2597
1472 12415
6383
5108 17920
3117
2960
3703 4388
5050 3309
3507
3017
7349 2547
3604 6408
3314 2661
7908 3720
3012 5007
2148 7580
4130 3049
7903
2783
10298
6106 6037
4927 10209
4320
71 4425
5725
3671 3831
4934
1903 3709
2608
4867
1652 6059
4338 7016
1377 4788
617 4249
7763 51620
34622
13833 78032
24311 18399
77414
21571 7981
42822 24434
81593
22977
29395 44700
10465 22433
36428
7652 41577
48706
40132 34054
11898 34052
31932 30943
62486 41392
35217 50212
18451 9531
56060
53737 44696
14344 23425
47902 49964
25645 67622
32338 19494
45292
18464
15237 60810
62197
38472 42302
39657 72264
19674
56072
12028
35441
18013 13706
50950 55560
61794 24640
43319
39827 31663
60705
44165
73992 69988
15290 84857
30499 71204
25296
37793
26350 54672
17440 67488
14349
51925
11280
57181
20025
59328 54565
31118 65468
14134
10642 72695
31095
27461
51559 48677
28603 54880
6505
51266 30193
34850 2469
19622 2760
6277 3234
9709 3723
3062
1085
9797 1599
5525 5444
3579 3804
3207 7548
1934
13071 5728
2422
3047 7175
1018
7487 3229
3800 5717
6502 6929
5987 14715
3836
9830
6576
2165
5073 4483
3824 4283
3972
2497
4912 6534
3897
3673
4198 10227
6310
3885 20531
3844
3417
6320
2230 12306
1029 14477
4557
5690 8534
1845
4389 23746
1474
2512
3609 4527
6961 5406
7665 4951
2694 12807
4778 10433
8491 2927
7093
3652 6573
6168 6872
955 4135
39688
36392
25122 49209
18752 44826
25448
48910
23023 37904
43442 36096
33825 38055
50427
48194 54780
22344 2953
881
998 15921
2941
2900
3215
6219
3369
5371
4454 6220
4236 9800
6011 6847
2372
20110 4446
5152 5350
9556
1228 14125
5528
4853 9530
4058
3606 1878
26707 2682
5645 7627
2810 8373
2562 9699
8704 10370
6633 3737
5415 730
5637 8737
8884 10894
300
9055 7327
2793 22251
4732
3912 2093
7490
3256
2011
533 11628
3236 9992
4522 7185
7648 4092
10906 7157
6455 5901
2139 8903
4577
1647
5290 10957
12576 17205
2892
4442 11487
6084
5847 11250
3090 6716
5058
2042
3534 1564
6470
2808 10009
9701
6112 11939
4625
3370 14675
6294 3631
3033 13166
7932
4835 4666
3336
8063 326
29370 54936
32764
33215
33182
6721
62283
19734
45356
6728
78036 40085
22383 9474
1662 4398
8497 9666
5741
3460
3884 7091
4006
4264
2652
5541 28491
2968
8674 4018
6970
11327 7740
7838
3505 6296
10099
3646 7831
248
9046
1002 12038
6702 5243
116 7031
5761
6934
5891 6960
7187
7196 4418
5100
366
7510
6083 8192
7537
8948 9084
4410 15211
4649 7454
7893 4229
6127
8122
6624
7019 8823
10251 14253
7832
6184
3662
6227 9640
8579
7536
2938
9093 10886
4211 16217
6319 5076
9102 3654
9105 10546
5289 9677
5973
6880
3775 12940
6875 16487
16574 7277
4357 4774
10262 8432
2465 16071
5396 17149
9077 13434
6407 10799
7569 12192
6912 20307
4057
4298
7006 14531
74084
71666
45035 43797
70955
57696 35622
46382 48220
34152 52711
22932 36090
8599 39148
18925 76504
52035
33723
66835 52802
17645 9437
9009
71562
14342
71358
28780
50191
31591 4502
476
10350 5017
8648
14885 82903
32268 29756
53165
57371
46449
40633 6175
12238 7292
10057
2993
11480
740 7576
10388 8404
6359 8638
8129 9144
3109
2817
9297 3952
9082
1554
10097 13545
1356 31847
8660 12169
9310 8685
7577 17059
10616 5956
5253 7264
24086
5373
5044
9550 6828
7080
47388
31798
56788 81891
32641 48718
55758 25690
44812
14566 36296
77344
23971
25836
73785 44027
42174 42736
36324
14845
2854 9981
8932 10158
7138
7785 6772
17601 6238
9409 12224
5581 7339
2587
10839 9200
12321 12658
7602
5691 9271
7257 13411
3055
7183 7211
4971 9933
9778 44348
69752 33399
34422
46376
34887 73795
37966 80371
52142 24790
25547
8601
67815 33514
3442
10101 11900
6392 4970
13994
6849 6417
8479 12959
7816 8148
5272
9237
6387 13117
13011 6775
3702 18147
7018
10182 8136
6874
10161
8059
7322
12714 12164
5962 10139
6998 62005
1227 12071
4105
9967
7255
7544
6087 11458
5025
5789
12561
2072
4539
9229 11657
9320
12493 9924
9131
11574 8967
5677
11072 11230
11412 4670
28858 11798
13996 10126
7442 4631
6291
7519 8425
14055 15144
8064
7655
11516
15905 9757
16701
13628
8999 14035
6792 10734
6974 8098
7096
9886 7599
11448 6988
30312 9799
10794 12123
10424
3781 16668
929 16139
6852
10294 11284
16226
5644
6604 7604
1583 11681
9489 1721
11493 4580
10074 10179
12013 12121
5608
11929
4726
8495
28596
7365
5734 12982
3401
9242
7026
34419
70306 54990
31774
40080
36560 9631
12695 13059
10233 14796
9749
3484
12502 8305
34795
33138 62282
49456
85393 48199
38319 48350
89708
26162
44123
59162
30045
64634
15316 44370
50305 18573
78289 77250
17698 86313
36859
6397
8535 14546
11400 13467
6935 9722
20235 14554
3761
21973
5579
5202 18334
9787
12115 15079
6225 10974
15022
21201
14995 9566
13201
14394
8254 11552
15243 10819
5033 17017
8484
7696 10144
44665
51247 49656
44674 48368
69286
50833 71474
44604 49069
57773
18601 12181
88364 51933
34297 82001
31827 52748
48853 33205
83325 20838
30827
35981 33977
62034
50954 60200
35600
57952 64170
27673 13778
9869 11110
9389
8126 12992
8017
11983 7403
10524 11122
6780
6833 12070
7263
8028
13520 12662
12569 24378
13704
10987 10708
12021
5137
11636 9637
6914
12530 9762
9422
2450
11184 9292
10083 12039
10920 14498
10706 7350
10915
41695
13673 81665
37837
43289 79092
43181
27786 1793
20994
6401
7232
9299
7402 12320
9226 18349
7534 10958
2578 11595
11314
13243 18767
4312
4370 24285
5843
15947 6773
6447 16703
7611 15253
18421
4882
7311
12579
8510 17567
3725 20477
8169
11638 14780
25799 6043
11055 13736
10230
3581 14380
8413
11264 22037
11446 12636
9328
12526
9982
4771
8613 7854
12194 10190
10634
13757
8115 20191
12289 13141
7708 12597
744 25908
21606 9529
9219
13077 5501
19695
15307
21758
8156
1747
16099 16034
8049
10374
11853 20285
3301
16525
10371
7793 9895
13286 10843
11537 5566
13230 14746
4931 2168
9376
12586 10020
8094
2561
9291
12797
15085 19789
6601
19697 14457
18495 11422
14598
8818 22215
23806 12736
1138
13676
11033
169
36831
63938
39922
65735 84899
30037 56801
42552 89415
38518 88462
56212 64711
16257
86336 41692
57217
45048
39877 64459
71066
15466 66090
36939 68045
33661
54644 51700
43869 64793
77410
27188
51786 18171
19780
9957 19263
7060
11205 10532
8172 13217
6311
5887 15920
9038
11847
14354 24701
7513 23953
9057
7954 13724
24344 10667
7943
15897 6717
9275 14929
1742
18565 12853
19934 29030
12983
15583 11285
10163 13313
9239
13591 11359
14166
10362
7555 14217
16328 9383
12338
15105
11363
11908 21111
13319 11820
8781
17535
6902 18709
1373
12316 8163
10451 13070
27358
4616
9932
14773 18666
7449
13645 16338
6941 19007
13389
14220
6930 16767
1509
8752
7951
13174 9746
17079 13345
16872 6858
15896
9506 14464
12590
19581 12969
14977
19017 15643
13931
9372
13022 11572
15111 13451
35021 9444
10669
14912 10506
13678 10560
19884
13173
9941
9137
12908 17495
12036
12222
6337 18913
14997 9577
14482 16658
4373 14782
12246 22783
6327 10479
16856
9355 16220
13991 11849
19673
14128
15596 9170
20893
15555 19760
2511
32735 11757
13343 9459
18407 12893
11074 18914
10526
13634
79902 30619
58931
27924
39018
40331 70885
48225 38973
76345 33864
33121
30979
30339 17887
4220
17938
11614
13299 19839
12234
37789
39652
35806 75647
45753
86918 53876
58270
48486
11911 49827
32064 11813
71237
58628 18205
9301 21486
8031
13218 13845
7671
14179 13408
23589 12439
22575 8093
11181
11048
8029
10266 16055
11026
13002
11328
16796
18034 17834
12910 21301
12878
18586 15043
13480
7530 13646
10567 9180
14099 12981
17410
11000
9071
12507 15665
15810 15511
11683 61905
39253 65960
31928
46924 70696
30051 81741
51880
51419 27173
72168
74595 38877
42843
44314 52814
33389
38318 41925
83907
37136 27242
67291 76344
32188
73391 46463
47849
38365 54573
89027 84506
29056
54293 54550
27938
27316
56360
23126 66933
59538
35528 69193
64536 34636
30583 24024
15622
16053 16474
19956 14950
758 20267
7828
11859
15769 20801
15654 15996
29983 12474