750
8 452
153 344
157 846
939
5
105 44
458 858
707
118 291
3
387
138 128
490 59
234 912
670 52
121
201
572 304
394 620
358
35
383 190
4
167
799
31 67
285 20
111
423
756
146 242
12 131
0 51
176
28
1
2 15
236 409
320
102 631
438 162
27 32
6 668
617 55
615 701
81
450
228
87
150 49
70
154
483
109
820
69 36
263 443
19
114 259
509
557
573 221
313
402 30
99 93
50
155 758
48
160 740
117 134
179
165 264
13
606
91 40
169 454
16
475 115
208
38
735 137
141
994
193
773 57
579 525
101 163
9
22
775
401 226
172 182
82 61
364
375 470
80 198
139
130 54
275
26 345
125
951
570
241
218 18
211
287
113
447 765
514
222
480
464 522
504
166
71 861
127
76 321
214 10
421
156 97
353 47
217
147 437
23
567
596
171 338
168 65
921
11
511 339
245
148
262 661
103
286
78
204 459
301
272
609 580
231 341
281
335 66
181
129 386
251
256 180
942
381
848
83
249 717
372 449
94 288
89
300
393
133 359
813 808
73
743
471 862
407 297
385 199
72 388
112
14
43
424 104
42
123 806
77
350 85
975
709 266
817 185
551
273 417
457
96 973
436
196
100
74
368 581
197
60
840 108
947 355
815
254
277
243 676
29
769 224
484 413
247
255
695 227
405 716
188 534
801 46
98
140
664 126
832 392
432 710
178
279
145
768
408 492
370
159
200 37
92
250 116
327 68
136
17
991 982
744 455
233
545 399
697 683
45
478 469
373 173
346
161 195
603 524
497
207 461
283
637 577
34
175 330
654
460
784
21
203
119 53
95 837
681 833
539
210
406
446
924
219
278
124 494
585 252
202
248 337
149
532
499
723
270 271
265
516
268
435
677
144 64
433
41
605
964
591
513 244
488
736
316
889
120
638
937 894
314
90
84 660
24
260
767
867
328
466 482
936
814 152
624 838
311
988 498
444 237
75
616
755
184
187
550
376 206
229
576
62
86 223
472
88 428
628 269
411
503 289
205
662 607
170
746
106
644
309
536
714 246
962
552 295
614
7
949 578
410 943
225
836
706
737 543
629
517 751
935
164
158 608
553 562
107
212
143 715
688
258
319
238 191
63
505
302
367
873 215
209
720 434
569
645
588
290 415
675 183
216
298
754
619 310
151 834
462
174
704
582 930
891 403
860
866 795
597
847 487
652
132
276
186
294
800 726
352
760 816
389
232
317
318 521
625 307
142
347
329
972
422 544
292
648
702
348
439
923
323
39
876 257
189
724
887
559
477
331 336
33
361
770 885
653 928
230
306 703
213
332
416
414 980
343 398
56
305
261
884 280
986
342
284
334
356
933
583 418
441
371 366
110
293
25
481 789
671
776
267
692
274
365 324
351
357
312
803
451
745
220
390 495
192
299
934 537
253 512
177
835 571
135
474 363
325
360
473
369
953 426
643 384
296
479
761
711 601
354
995 657
732
565
240
825 496
377
781 595
759 529
326
429
788 612
333
430
507
391
796 957
520
382 510
463
727
613
349
528 856
663
604
713
427 901
785
122
508
574
807
400
476 566
79 58
523 674
500
647
561
239
899
533
728
925
395 673
315
419 651
506
303
282
404
546
456
467
194
425
362
440
719
468
502
623
397
950
622 586
378
465 518
558 636
493
826
575
802
831
686 547
611
741
977 634
379
519
235
396
448
682
486
632 501
584
412
549
431
712
594
830
322 961
587 698
650
489
548 684
589 598
445 774
531
649
527 568
926
960 590
530
380
687
669
865
679
819
658
485
599 659
752 782
442
420
763 753
554
526
556
535 563
593
725
907
627
849
602
555
540
592
842
610
646
680
881 635
738
996 630
890
541
777
812
729
897 818
771
560
641
992
691
667
705 700
655
374
672
708
886
794 564
722
978
739
920 665
690
778
340
859
542 993
633 841
600 793
742
618 828
783 666
734
852
878
829
721 872
804
689 685
757
626
893
491
694
805 699
857 879
515
678
747
621
656
693
863
538
640
718
850
853 965
780
955
696 918
764
821
877
823
844
839
733
730
308
952 968
855
787
792
779
963
845
851
786
750 731
762 810
790
969
453
843
797 915
772
874
766
990 871
903 868
904 941
958 927
749 798
898 919
639
880
922
791
824 883
896
811
974 882
913
967 892
748
906
875
888
966
983
642
917
976
809
945 984
822
827
864
997
998
869
911 910
938
970
870
989
854
895
944
956 902
971
931
905
900
908
932 981
909 929
914
959
916 940
946 979
954
948
987
985 999