1593
4996
7607
4594
39794
67768
31458
57272
56687
43443
33968
49850
47401
24497
18046
78293
78002
50448
78637
71105
64564
78164
16408
63825
11308
56965
47120
59604
67316
56623
12899
19211
32600
71109
4408
58253
53795
28785
25100
45667
33819
55854
75534
48603
59762
39831
61455
56234
9508
57241
69507
78782
17893
20334
6865
56321
74027
74187
73383
17028
9746
50011
64298
35662
61759
62228
3007
4056
45750
20344
48942
15377
3650
79568
78435
32863
8549
69186
50925
75850
40589
50415
29067
20706
73354
9961
73209
45122
53819
61130
65949
31787
42769
32544
6372
42739
244
4259
44945
51271
18349
35496
55869
17105
15140
67411
13078
69532
51534
42833
78473
64727
22831
21971
28960
11015
56313
3512
41199
29104
42856
40420
29885
11991
79893
920
15752
56573
25626
23070
70128
4560
64514
69610
75773
74302
32882
51636
43959
24463
40136
78570
57076
61079
72740
24978
73899
61551
7213
51109
60986
79643
3123
37948
72481
59413
45486
45872
43935
47950
30294
39296
77661
64700
39776
26151
60254
75901
9061
79603
69183
21417
67509
14319
45429
377
68801
58610
39029
70843
4434
78452
55501
39878
49347
77682
27833
52345
74789
4286
10266
67446
18315
65370
50888
14390
12236
34220
52604
32103
78922
69086
63276
78183
55412
64456
61238
23450
74855
47042
57788
44565
44307
1746
14342
22540
49750
26874
55076
8462
45548
55784
28185
35293
26310
55760
51478
76626
26259
57565
8715
70446
47639
47351
30865
52641
26206
24776
2828
245
78876
26378
18963
66829
2760
41691
68186
68523
10441
74756
37712
50200
61693
36994
65742
36136
75314
44965
38993
74547
20701
35480
54509
53738
26819
10167
22902
70154
35931
74975
32456
67959
69624
13723
27262
67726
45411
46212
2395
61313
11373
75147
28641
79468
64687
75543
66583
5527
26172
24968
40569
61689
30499
37756
27909
10071
38556
34876
37214
30600
40210
29469
74610
32100
4633
29224
2151
58200
61454
22388
60211
9510
15650
5400
7332
35588
31860
14243
24889
1051
72564
29765
12013
40456
27189
60053
18759
65519
50820
51429
71158
52984
15585
49748
26831
23245
36419
13329
1201
55948
1749
56377
1812
22706
23471
34834
44376
65450
42612
36532
1395
49167
36716
281
915
37446
2783
39986
74111
14020
33160
45318
53071
70099
44146
30536
43324
45428
74343
36703
64549
1714
15219
26824
43586
78997
21894
37568
78625
16940
12074
10738
49952
55985
66970
33168
63227
48745
15942
24652
15153
58875
42977
70815
10992
61144
24026
55805
1926
36730
15785
52200
57469
1856
50685
69576
43424
27465
65558
25241
21190
58109
6508
79597
29143
39906
60261
15708
51146
46226
40648
59763
79632
918
55105
68023
73338
59993
2682
17960
52720
45013
77451
46724
52901
9153
50066
68572
23791
66315
61492
38262
26662
13957
38453
23778
17886
5329
55892
25133
30242
51744
62136
12160
26699
15291
62175
19463
10408
69199
58724
25987
54461
37605
65312
52788
67246
1025
45582
41994
18511
43602
70098
78944
77284
36965
42338
43496
25837
39587
59946
72728
25846
6808
24235
66161
26778
67068
24287
48648
23313
49588
25542
39362
1084
11339
47315
7812
48766
59896
48555
32389
20936
34094
65035
56613
41161
73020
73398
68996
4844
18851
50069
37441
52101
37388
72201
16268
18087
14941
70464
58081
7181
29269
74668
69438
11647
40327
57753
79272
13980
26286
59882
74210
37469
45232
2576
20185
44512
34236
47128
71853
52537
69720
36237
43145
33738
14363
13621
3791
29182
41433
11189
2755
32134
56241
69652
39427
39608
25869
77923
66341
14658
66170
28422
18164
73877
25190
3674
1361
7202
36012
14546
36691
72431
16504
68169
13403
14759
39947
70599
47493
58808
52533
75950
52386
14678
5664
39469
18189
42004
66053
14466
2108
20297
7521
58605
11879
54707
48586
54507
35276
1093
43044
40938
17882
10447
50275
42657
44860
50841
79360
4401
6106
58697
13553
7251
12410
36105
40889
44468
16815
16898
18054
62238
37780
25457
77461
71207
31616
68059
31910
9075
69621
32510
60227
31735
42741
8489
76034
11045
22219
19100
306
63926
38418
42039
51045
580
79659
10502
16902
77608
24236
10380
11511
12205
77926
68263
65055
136
29966
76979
15722
74384
40127
40683
27353
25658
12845
47217
60241
18682
36484
6580
71977
35338
30230
75787
13849
77582
9698
15
35738
79585
64676
7723
65489
70998
38870
43326
10855
60820
42522
39577
69450
45247
36931
5117
48170
12843
13503
45268
34974
58692
44039
44225
35833
78659
34770
76010
58841
1968
59369
42961
56289
9635
76021
42299
59050
12659
7656
31377
26452
70558
47465
33281
2141
30890
38947
74245
75343
75245
50439
14621
14602
31489
48084
56696
5817
70114
23347
44204
32835
6311
68378
33246
66391
78126
21602
63418
78864
61881
21347
77380
45756
35423
10350
57756
57684
46510
79721
34252
36384
1400
2840
17601
57293
6252
27202
27091
42146
49915
9032
42353
70784
68203
63209
35327
57314
68922
45246
31648
53718
14738
69970
34170
29023
29737
36491
18477
17946
7311
41749
57425
40318
79901
48986
76882
13724
16396
39062
60548
53412
975
67563
15830
55605
100
14654
10179
74274
36483
34618
39364
29895
61542
25759
52631
50679
18995
33938
21319
45658
65381
39931
45011
30382
42312
71397
49680
7619
16354
37910
37360
56895
57238
58580
534
626
78765
10739
18527
32354
26107
26877
12337
31644
61804
18616
37829
32116
31396
79718
472
35163
34909
31039
59103
13799
37159
61799
68785
73391
57987
26849
45888
69629
53591
953
15854
13729
8558
8637
47543
1660
33183
67478
18679
379
16759
72014
54842
15458
22674
8078
71311
39575
18750
78696
5887
71994
59757
58021
22010
72755
50305
42200
73955
49508
46586
52572
69108
46021
14146
1994
32281
12168
76315
40153
72835
34415
27320
29428
4630
77352
20335
10372
74718
13928
60978
9105
36246
9519
75533
45381
3859
33488
76077
8401
44814
54144
2206
7737
60983
63689
20880
39325
5130
18557
1697
68777
10538
46925
49433
1565
5027
47540
43440
59448
12777
34099
53482
66822
56486
70402
50039
40241
78381
79133
12930
71141
77467
70571
65175
47572
74494
74768
40555
303
36056
2095
7482
76588
71686
61098
12841
47159
50358
26292
64890
2830
13890
76959
62590
13143
76790
32042
52071
9096
63104
35830
77114
42644
51111
48086
49073
27419
65075
43961
3308
11193
60856
8873
12809
55976
39904
68382
78965
18933
49320
42736
77538
48126
40065
77493
61176
39430
44458
61751
71314
64488
58879
79104
39815
34912
21980
63574
47386
17124
42178
37864
31800
42695
48004
24132
69580
38434
26551
76705
48743
79921
58412
14542
48429
31858
27862
36918
55878
57368
10318
26790
76073
9127
65066
3914
1961
63664
26369
284
50326
53955
71949
2069
30643
52193
72366
25177
58666
52356
53895
71573
78540
29792
26401
24782
53740
67255
77874
20801
47616
5082
69461
18092
47173
13748
26652
27094
46409
52566
8218
28099
62257
43025
69388
47245
42296
35490
46241
16564
24790
51234
22091
42228
46240
50525
49277
47595
20395
4045
19126
46091
18206
46706
24924
15570
42468
10586
69315
68339
13144
15629
54812
23866
31332
16534
38808
2880
46726
55779
35735
18066
46822
59958
34946
39521
64466
10831
15740
63269
45237
75944
7291
5834
9442
77188
21386
46367
26491
9949
7220
33648
73965
47410
5372
22585
24313
22383
65540
77757
22016
73405
42889
50360
47199
42409
76934
44454
17467
27305
33110
58051
35165
58497
38227
58823
63031
3644
59425
24520
22848
79730
43950
23443
39186
21843
4684
22695
29184
41585
34204
5148
1271
5823
29474
7556
69270
36080
41628
11086
47754
18493
11466
27931
49702
71817
39039
4925
45827
62939
65855
60648
31539
8027
55012
35433
60459
14870
39979
39242
72761
63435
12968
58065
66975
17500
51065
27739
18476
75668
13842
6928
49747
55877
39119
40096
9218
47076
4240
47817
3498
20749
14942
79862
64423
75125
28711
57455
55003
53434
72846
18732
20656
36657
27717
21750
14620
2165
14982
38498
2950
52726
48761
60863
18253
26288
14207
15311
26992
6603
12877
22300
53242
4466
61810
59918
4485
3889
58450
54647
26937
23219
73887
38987
76784
29593
13760
56986
71072
48188
10345
13699
69942
1665
44164
51737
41190
21271
31940
79364
37219
3142
1481
28065
79210
29478
62711
48512
53626
35881
13488
15503
34530
48539
57495
46512
68413
46213
73577
48626
46516
26608
23820
6582
64625
19108
20212
26029
52394
47013
49047
43511
6627
79081
59236
64076
19953
63884
813
72898
30798
23136
10152
79243
63759
70826
75497
64487
21018
21620
8450
67278
25486
21479
3083
17729
50824
62281
42355
54292
16117
20243
16206
14947
37100
1251
52467
10746
6348
60435
19450
54567
41422
54875
43976
42026
78491
28197
54580
36005
17706
43631
49017
30461
38174
69756
24218
20472
49672
57188
35771
57074
53149
4026
76068
69482
16896
47919
29352
35431
42431
69435
44605
27098
56386
48237
44638
62210
68439
18131
58626
6474
1573
5301
34199
29424
24320
54488
48701
18230
2714
57767
24544
68467
79285
46583
52181
67065
79390
71167
29311
40752
77027
3824
50163
4755
48354
38877
71229
78502
3848
4865
61859
65702
50100
2129
19500
909
36111
22189
25272
18544
22029
76536
15757
66012
1933
30863
68217
77816
29513
4448
8380
52083
41964
70993
77837
74182
60331
47526
60161
40254
56606
6000
7918
73422
5256
28991
7653
725
69996
9332
64375
5501
78040
21171
50978
15831
41423
45784
4069
72629
75401
44706
73277
76533
2217
77350
14191
78050
58446
68267
576
39613
57595
34835
74702
63773
43249
53806
47614
47420
52037
50063
67003
70074
12707
63172
52418
46800
18203
58990
23644
21629
21814
14532
240
70096
8839
23173
47633
68309
8347
4726
47866
46214
64570
42794
41271
18938
45277
62004
68678
14083
32839
67498
59867
26632
54601
65717
58959
6775
54117
8001
26687
22987
3553
50117
29713
24334
75066
24071
29780
570
39569
10507
31199
7629
24001
54698
27567
8197
67023
73362
14543
55048
13076
195
29528
68808
40200
30880
4737
34541
66497
32435
34338
7188
70655
6869
44070
32196
79748
5003