571
4996
7607
4594
39794
67768
31458
57272
56687
43443
33968
49850
47401
24497
18046
78293
78002
50448
78637
71105
64564
78164
16408
63825
11308
56965
47120
59604
67316
56623
12899
19211
32600
71109
4408
58253
53795
28785
25100
45667
33819
55854
75534
48603
59762
39831
61455
56234
9508
57241
69507
78782
17893
20334
6865
56321
74027
74187
73383
17028
9746
50011
64298
35662
61759
62228
3007
4056
45750
20344
48942
15377
3650
79568
78435
32863
8549
69186
50925
75850
40589
50415
29067
20706
73354
9961
73209
45122
53819
61130
65949
31787
42769
32544
6372
42739
244
4259
44945
51271
18349
35496
55869
17105
15140
67411
13078
69532
51534
42833
78473
64727
22831
21971
28960
11015
56313
3512
41199
29104
42856
40420
29885
11991
79893
920
15752
56573
25626
23070
70128
4560
64514
69610
75773
74302
32882
51636
43959
24463
40136
78570
57076
61079
72740
24978
73899
61551
7213
51109
60986
79643
3123
37948
72481
59413
45486
45872
43935
47950
30294
39296
77661
64700
39776
26151
60254
75901
9061
79603
69183
21417
67509
14319
45429
377
68801
58610
39029
70843
4434
78452
55501
39878
49347
77682
27833
52345
74789
4286
10266
67446
18315
65370
50888
14390
12236
34220
52604
32103
78922
69086
63276
78183
55412
64456
61238
23450
74855
47042
57788
44565
44307
1746
14342
22540
49750
26874
55076
8462
45548
55784
28185
35293
26310
55760
51478
76626
26259
57565
8715
70446
47639
47351
30865
52641
26206
24776
2828
245
78876
26378
18963
66829
2760
41691
68186
68523
10441
74756
37712
50200
61693
36994
65742
36136
75314
44965
38993
74547
20701
35480
54509
53738
26819
10167
22902
70154
35931
74975
32456
67959
69624
13723
27262
67726
45411
46212
2395
61313
11373
75147
28641
79468
64687
75543
66583
5527
26172
24968
40569
61689
30499
37756
27909
10071
38556
34876
37214
30600
40210
29469
74610
32100
4633
29224
2151
58200
61454
22388
60211
9510
15650
5400
7332
35588
31860
14243
24889
1051
72564
29765
12013
40456
27189
60053
18759
65519
50820
51429
71158
52984
15585
49748
26831
23245
36419
13329
1201
55948
1749
56377
1812
22706
23471
34834
44376
65450
42612
36532
1395
49167
36716
281
915
37446
2783
39986
74111
14020
33160
45318
53071
70099
44146
30536
43324
45428
74343
36703
64549
1714
15219
26824
43586
78997
21894
37568
78625
16940
12074
10738
49952
55985
66970
33168
63227
48745
15942
24652
15153
58875
42977
70815
10992
61144
24026
55805
1926
36730
15785
52200
57469
1856
50685
69576
43424
27465
65558
25241
21190
58109
6508
79597
29143
39906
60261
15708
51146
46226
40648
59763
79632
918
55105
68023
73338
59993
2682
17960
52720
45013
77451
46724
52901
9153
50066
68572
23791
66315
61492
38262
26662
13957
38453
23778
17886
5329
55892
25133
30242
51744
62136
12160
26699
15291
62175
19463
10408
69199
58724
25987
54461
37605
65312
52788
67246
1025
45582
41994
18511
43602
70098
78944
77284
36965
42338
43496
25837
39587
59946
72728
25846
6808
24235
66161
26778
67068
24287
48648
23313
49588
25542
39362
1084
11339
47315
7812
48766
59896
48555
32389
20936
34094
65035
56613
41161
73020
73398
68996
4844
18851
50069
37441
52101
37388
72201
16268
18087
14941
70464
58081
7181
29269
74668
69438
11647
40327
57753
79272
13980
26286
59882
74210
37469
45232
2576
20185
44512
34236
47128
71853
52537
69720
36237
43145
33738
14363
13621
3791
29182
41433
11189
2755
32134
56241
69652
39427
39608
25869
77923
66341
14658
66170
28422
18164
73877
25190
3674
1361
7202
36012